38286
95358
99075
93153
22602
25252
97553
86736
35515
1899
65039
15685
70817
89508
62450
80000
63801
35078
48756
3730
85332
21019
80495
58908
92471
67137
16137
26
66993
66935
81523
20468
43988
33333
21044
37185
20830
45745
94042
68739
64857
21960
59007
11940
86629
26765
12945
43748
8076
54417
17872
63773
92643
71369
81020
76124
47040
20000
35120
96377
77107
88859
5463
46595
15306
7269
1662
72315
15272
3049
28745
15843
50473
92164
4905
82315
65299
13180
27376
67033
62613
73487
86423
53006
17176
69934
66153
39583
19422
11804
33653
19908
96642
38880
8989
87486
59969
48179
2156
14234
73009
67041
31462
3837
72137
9490
3211
79972
7172
59460
93309
43058
75311
58177
84541
10425
71063
9462
17265
49057
22567
52371
68761
92134
79975
88467
62496
70497
38624
38368
43032
4420
70948
80397
16692
42059
63732
5329
33040
19782
27414
96470
40758
22457
14624
49773
29511
23950
86415
49612
69642
53171
32227
9323
31303
73150
13893
71914
77615
96737
20849
71727
94137
82505
20201
8046
54816
82310
25710
34289
742
4240
11554
5978
41539
16389
58672
55245
75317
73858
35353
65691
90390
74872
49137
57720
79598
47874
11664
46705
69104
47253
92084
48144
17110
72436
69603
36590
69446
35520
39492
44297
71942
76284
36603
16017
3826
61011
10603
60057
43009
68067
2931
91109
55879
37231
60307
41883
91790
64057
71806
63712
49864
62666
9956
35701
96871
87904
41094
2737
64717
26767
92462
58273
3773
53099
99489
14465
10728
67185
15724
70363
94786
55662
28122
1735
19703
22302
80865
93325
18534
43870
47815
64926
35231
45814
70442
133
97912
71568
91721
14920
72121
27238
66866
96077
83730
23204
82146
70042
67387
44891
36042
50302
11334
21432
59084
67955
34447
99947
43243
40244
43812
41971
12936
36009
27643
21315
40076
97208
81636
46225
81265
84314
63791
29094
51989
39401
14790
64762
50306
38310
30385
12984
84905
15812
83452
87005
99012
72913
93896
21236
56706
69486
56310
30104
73429
67947
92909
61875
65770
31039
12796
21501
33896
56629
93314
23053
86394
96635
41742
80569
93085
50053
94405
18603
99154
14195
41121
35250
54218
14670
13905
30742
12372
35326
38106
42905
88704
14551
93951
28562
64632
92059
27772
92302
60209
5761
11719
38985
28426
38656
56952
38011
26522
43355
48318
92317
11280
12742
89232
56375
38240
39854
43208
41552
24225
32241
94685
8444
34420
21853
75334
22819
87282
47351
29955
68673
19772
75975
13875
56227
29936
23196
90915
70683
51048
26675
21845
96075
40831
45289
84453
20819
177
25836
4108
47250
14259
8986
9304
93829
23913
30078
77033
17995
40936
53287
44551
20956
81365
44594
57940
26699
16079
91778
60089
19877
73799
29222
40407
98147
30914
9458
56443
19936
49610
65881
42054
39081
60281
38436
289
95302
70758
54162
94710
89413
76433
20021
88974
10311
41429
29372
89029
36559
90159
47690
83150
18376
15146
94558
41856
68018
89460
55690
16277
42657
18250
21655
6032
42400
89824
94261
36124
15352
46795
88322
59884
19797
86267
50904
4798
79048
27157
98620
81069
39146
75001
94972
89079
70032
12437
58321
11472
58841
19225
64783
62925
59051
7589
54358
99872
67884
54393
45616
70761
47156
17963
15802
91704
48637
51958
98252
90231
61516
3045
51350
32450
5613
21392
50910
9490
1760
92
32644
92311
8228
75747
80086
34611
70722
39316
27813
88136
58246
43835
28989
354
33608
52270
44997
80558
78098
16889
79804
59896
72383
2363
2551
33027
74805
33781
56708
35987
73029
2196
4854
36739
75591
99337
31487
63083
41924
65578
8324
98978
38128
97756
58277
55325
45804
82492
90727
87108
79673
79460
57112
39916
62649
85898
45093
81442
2185
31738
24517
47892
67639
82869
53239
9272
49505
74341
29699
89406
15391
95759
27381
11446
78530
76752
38026
95251
46512
92086
24044
47280
13752
17345
50089
17358
8803
46311
56023
30055
67222
74827
74903
90542
74146
51275
10322
27229
84690
30791
75786
31277
6547
57884
59161
97226
51625
40289
65334
30398
80149
14011
69314
71068
93426
45807
69906
87034
13290
27616
97
44211
57476
21229
8342
24473
936
9511
98296
3537
31822
34858
65645
41526
53678
6795
51608
69159
38026
48614
60782
36999
99977
92146
60081
88718
94277
24610
8943
80103
76829
2694
35935
33787
79877
37682
73465
20455
21916
24500
14145
3034
55027
93176
15511
66700
8615
795
93387
65708
41256
89779
53506
97801
8567
42260
86565
70898
94410
23031
77739
85493
59176
1873
67628
81503
78610
3482
54393
60324
48080
59999
36144
56552
92369
47000
19003
46382
51376
57573
77972
34025
11678
34722
33176
70613
22470
57008
67501
15073
88174
9195
65095
81956
9538
63886
12523
14572
35055
36849
70034
92711
41707
69790
77325
42954
38484
16898
88335
8359
66009
61620
53877
87030
97413
36188
2067
26065
54591
70017
38842
14514
54781
89119
82816
49007
76514
43677
59599
83020
40514
14610
17906
78016
15030
73096
28621
29049
18888
79191
92637
85416
74240
31445
66138
99581
24466
72424
24057
73936
32287
19457
64549
1832
99958
13612
84106
91810
59336
95085
64500
38716
6724
79300
56018
73990
79185
47260
79469
67161
74901
29385
59687
82680
10695
58934
93378
1204
34366
83572
95302
97303
58891
14447
55902
2697
43674
17817
66627
89773
43251
55993
25149
76308
72139
75368
11204
18857
66955
94622
24365
49728
55170
17151
41089
21788
56193
87546
70561
10160
60661
2719
96893
86085
34018
50671
99799
10817
97232
29704
28258
27911
58917
37400
5122
1483
92983
30466
46525
98943
16588
21688
15211
12024
14731
64866
56682
24969
66113
8807
36136
20252
75520
10878
85839
12879
50573
27812
46153
70657
3683
77041
19618
97055
70486
50274
49946
18088
23896
16235
99789
94223
8339
15230
230
96207
79741
71889
96759
47327
8583
75352
94037
39548
9288
85857
13626
68509
98211
20532
3169
98232
55911
74814
25644
65289
64874
55267
98352
75174
12669
87583
96450
18008
18719
62127
37452
56234
55707
12450
99399
83963
50787
10239
71488
71139
71080
60824
97428
91269
80885
43348
43550
92838
67180
21182
52679
10386
17979
80916
79031
34377
2181
74909
42122
48136
52278
32367
25916
80538
6216
76972
9457
7811
37297
93238
49265
55729
38502
70176
94174
60464
19509
93472
64531
55352
47065
96371
37749
57916
50504
99534
78367
99109
16080
82668
73999
1543
2964
70098
47260
2818
74230
88048
30238
47009
68471
28931
18203
98069
89855
12836
48234
63319
50925
12313
6593
95234
41323
888
26655
54655
3869
80806
75627
47622
55917
95352
12251
47985
61911
70983
52746
77662
45898
63907
20895
23490
52668
47315
81152
4529
44956
96739
37215
59056
85386
96084
94606
23324
27700
47808
36548
50261
67364
84722
92745
65043
59479
23010
64695
13676
49698
72499
46281
51110
62835
29683
68811
2994
61242
30590
1765
14190
12745
4873
81862
44009
86920
5506
63053
83397
70234
82079
82674
8735
34770
26979
85121
4488
84186
62022
56976
53346
88263
89288
48641
71180
18650
15470
3492
17863
32776
7397
12196
17213
98433
10464
89937
14417
71143
64878
73841
27084
34420
49235
79533
89148
75731
79062
76027
1835
5090
71416
86010
77342
489
48657
90650
46326
34478
28015
93345
60607
80445
70772
27375
62424
48540
61407
76806
31019
90427
19961
66304
22087
95613
42224
32011
15715
31755
63093
38801
3094
70795
87964
1095
72578
7636
75018
15410
14780
47531
81702
52411
56439
56462
2424
60013
69907
32342
44614
69914
5143
92827
71830
75892
83487
47132
87390
77327
60416
5215
88529
19002
80350
17025
35599
90328
68364
30197
6259
8701
82834
98807
88326
65221
11421
2078
40382
74360
27962
37643
20587
28365
29372
97762
8113
95605
61300
43755
9251
48770
45092
33705
11585
33733
23006
27119
20500
14760
62696
118
79329
15516
6976
4650
686
40713
14048
41770
66954
10168
94695
34146
67003
73324
73574
13
84816
39085
19131
94728
328
15984
13606
28048
69335
47861
72400
59610
54768
21081
22392
5951
21477
63202
10864
74587
45616
87297
68367
99106
91806
52034
29274
67536
28340
4245
98126
51801
29944
48276
8365
95143
42203
2372
71141
7511
98878
42119
80468
20105
11553
48291
82439
13835
82609
85497
11219
66261
23582
36769
55611
66102
45816
79783
40505
59220
76838
17825
69529
59843
98369
38313
44378
95230
11140
23235
82857
96849
78095
15200
63839
71011
86338
48376
86628
85356
71588
87481
56530
29704
36571
83593
39907
42589
96795
96219
46295
94726
73001
46729
64123
2092
6443
35623
51695
56565
36884
78789
26180
86152
65808
49248
95473
75114
28274
79483
3614
90747
35716
99214
93002
2897
70494
41561
21834
28750
1086
61037
10989
89307
91687
45816
10915
43541
99177
24123
79456
80625
65194
64717
78505
69667
804
2677
4479
74233
95427
29944
88661
15603
10538
3326
51645
34932
78258
59555
72109
60696
94614
30139
60915
85243
2484
64830
45131
58497
39326
96362
70814
53547
22665
43544
55820
28516
36882
76181
92819
83127
83267
91677
97850
78551
10685
63879
19899
57884
87092
97276
47012
26909
76489
10631
80753
93060
70167
25213
39073
37861
38664
20149
987
15580
52670
94609
83719
45363
19088
47492
9501
62688
40093
12832
72744
62408
18775
35430
57507
72532
8317
70355
76077
54357
76535
89945
78159
20057
84989
31384
2735
8233
58560
26111
8328
9899
78881
16407
90744
36426
65854
23958
46465
5239
72217
71398
30592
76350
50453
37541
65201
1434
98634
15288
12017
14401
92859
12221
11753
73198
69299
31999
53564
13648
80560
33636
59195
65302
13538
66411
87470
24549
64597
57322
5717
40927
75757
9694
67572
66171
75555
22494
37083
36317
61291
94445
66824
66861
15000
19553
40414
71811
19127
80150
28299
14999
96149
18142
15296
66766
85464
86600
43742
12791
14235
93410
87114
63626
59551
54842
61742
79568
73519
83736
67321
28647
90909
2674
70773
90006
22411
68832
1753
90961
65456
56909
59446
47531
17906
50813
48099
19284
32660
11107
41474
57744
8955
87747
93216
45080
32436
9804
9210
29085
22236
7610
11472
20453
73829
92853
61706
74869
14917
26443
18882
21859
77058
80337
48331
6728
1416
89641
45889
10564
61828
88115
66515
80377
90007
568
5187
86539
74233
97107
32973
16747
80444
49702
2287
17891
5429
56921
86113
26150
58735
38360
90673
61425
68744
57812
75608
86251
83545
90288
42469
32713
93543
77571
37958
77915
25609
75055
30774
44187
44814
75728
76666
74611
89730
15968
216
57291
36755
30988
21051
16361
67574
42229
67831
47130
29609
77519
17588
17810
44879
80458
62213
54592
56298
57210
20826
68045
23052
73239
8897
6457
565
3845
91496
58221
79351
90316
269
50852
4268
90509
92089
73424
36761
99752
21578
80535
67507
98467
18760
38034
35710
38897
74392
21725
76164
65520
82042
99806
97226
71022
46148
18406
6170
51273
8365
84769
51374
7796
1720
44578
38062
58683
5926
91741
99038
83531
92559
93451
44448
38038
18003
40309
77998
52486
41783
1775
43027
57140
96622
53051
10146
28792
31876
72655
48404
32709
32857
13838
25443
73631
92273
76086
90402
67148
1522
88664
52395
30790
67393
51379
65793
8295
31546
60244
96247
31141
28221
60051
35260
26873
70920
65318
44002
83333
96535
88667
35714
54705
62402
24623
37787
90006
86999
8301
89914
91320
60537
6176
9443
23277
24258
34640
99034
46836
89060
78062
56416
86990
33653
50462
47801
40859
4147
88942
74739
27003
70891
36114
88600
1110
20417
69162
35952
79412
47767
11644
32911
74976
18765
52389
96875
5384
59750
46668
1975
98791
62933
12095
50251
3640
36332
90517
28151
59318
14435
30724
8734
88046
6024
32317
59736
53641
54141
63013
32733
20127
86599
73693
92619
93596
96005
89135
15091
83749
88858
34965
58450
58934
82688
18197
85578
30731
33283
70321
12969
81463
65069
25472
30461
34842
14774
72521
2000
82466
15451
88879
84870
41186
43213
7242
48778
31177
9416
5092
94208
58211
83376
87647
78345
6069
37363
38985
85481
97560
94477
6531
86976
69404
36288
23802
9448
16497
9547
77213
51525
58928
83878
24333
48227
66191
55219
32273
45468
29136
76332
65966
83991
31360
79220
70363
74330
94896
80142
47199
1244
19490
3428
8580
11206
55281
40161
61104
21189
93931
21449
37960
27481
95722
44290
70784
84583
86440
43615
48146
9736
26571
71137
24423
48449
738
94117
98542
89033
67578
76916
27811
12701
26104
51161
5783
18741
66947
73529
93188
94764
3208
22792
13954
62096
65995
59796
47847
38858
86959
93662
3826
45524
52156
59577
12879
32129
69159
12514
76568
25533
9858
9089
34102
38805
88774
89317
65472
17136
23486
721
21078
40935
42805
35979
52245
24704
27472
28852
85194
39067
10099
14094
3082
5902
84153
46750
34325
67666
95233
58790
31344
13278
49712
80407
98466
64458
6013
18969
22465
71696
27173
84630
2345
84243
39347
56140
14862
19907
7687
4642
68719
33198
31809
94840
12437
71181
54803
4116
61051
35358
15509
36076
32763
25256
60489
66770
24886
20208
69496
13989
34799
922
14550
51928
16846
3290
16075
81786
67443
57089
64782
79422
38587
50995
63192
59360
73001
23932
57925
53914
31018
12822
20317
21893
57655
66679
41158
19748
69254
49753
26478
10337
45927
96048
1000
64245
67961
190
198
59602
97479
96971
40113
20317
89042
53915
97773
94531
10891
74003
86217
52191
75847
7299
23112
1977
78192
33421
97619
35967
44812
44316
52615
76177
40435
9410
86520
4079
94640
72021
73504
89122
48336
72943
6623
79108
8698
80232
44027
54376
19012
77809
9131
92076
38614
53455
26407
37405
92180
48781
68495
2579
84109
76184
10380
36321
9241
50742
84199
5134
19616
13331
89593
61242
89703
20700
47918
72259
88388
60577
94550
74773
36582
42870
54493
68692
29550
16651
17140
74197
15061
57697
73436
18606
28847
85184
63992
11753
33435
72156
56867
83463
550
87310
94776
20561
2120
31950
38291
55960
2104
39596
59340
37845
40502
47871
48686
81017
92318
60347
72162
45072
29280
77351
43423
19134
23158
13765
29530
4301
210
39237
96805
60402
24226
55375
76485
59576
56058
35061
47636
93834
19749
54612
22441
51802
76650
68420
18705
8292
97649
95118
88640
24784
188
9586
36420
64206
40085
97678
60416
54871
68566
23643
78490
8335
38291
69360
17323
96709
57534
55122
12321
23432
55286
73899
76372
63411
73098
16839
62501
27366
14754
66456
16699
54156
3904
16478
45637
51098
93767
94664
2823
93252
64454
85908
63818
68025
8941
68218
21337
78747
30990
18405
28403
83374
99747
73534
73005
50972
72609
23795
92581
84166
6290
14509
82968
90676
17536
8199
2400
50187
78113
66294
23785
77723
83066
95500
33821
79503
41383
3478
22922
19460
44618
91951
13427
80197
25024
65414
95676
29627
41673
63960
83205
43557
42614
99128
37796
19820
48268
88098
1077
57612
31123
25622
57596
42163
45337
54554
68201
86972
48237
87856
39960
6627
98021
77336
66005
32663
13707
53970
45622
79660
74907
86877
73563
34201
51795
40041
61384
11196
40082
81720
81592
11818
22102
72680
25762
56855
19783
50737
97143
28536
5631
76702
94906
67394
7766
42485
57320
74972
53260
86356
32655
58861
82898
27381
54801
26740
56464
12684
16022
56623
14328
24101
537
55912
20969
16620
92072
57571
37125
30895
84671
89168
20064
6142
36078
83239
67700
79113
40834
87551
59783
61853
30355
72345
25498
7128
90742
67883
30483
1803
45942
85451
1448
43263
80775
81714
96790
91617
91749
92274
33689
32894
64012
39590
66618
65258
46490
68232
86
14318
17604
59621
26928
29560
49771
5517
40233
26608
31460
38881
48124
89663
25172
66178
30777
5920
58224
92303
72311
34230
99947
91501
51487
38279
62954
68861
7524
47563
14447
7837
37158
22502
63762
1024
38463
96374
73356
28574
81327
3731
13483
45056
23805
94107
88617
29980
25598
4404
37615
38493
66668
24784
48380
53336
9792
45274
59363
31003
43541
28226
58210
85924
60030
42970
95218
68386
6524
55238
63661
75295
99526
58922
74736
87338
35385
7708
63528
34578
73244
87092
46494
50676
9538
45073
60521
89422
9364
92645
69536
19745
72381
78741
55669
13644
44784
55590
44831
10326
95297
20935
83556
52241
56619
2359
1735
73095
87169
31951
2240
20294
26237
60605
68296
93081
98426
68478
14981
21957
24603
63006
70750
64951
41451
28702
1604
1679
92316
14500
86884
96122
79942
8984
85991
52609
52515
16262
32366
53801
79222
70429
71077
14920
25261
59769
16227
17160
53159
54470
6184
82598
21285
63076
1326
27823
59656
16449
29999
37979
68824
47029
70242
64143
42995
55185
66800
73302
31765
96973
10547
9671
76613
81546
27845
67036
80445
39580
15161
4531
65536
77168
58863
83948
37314
17762
72149
98007
3473
41360
76825
12730
20046
56137
48103
24194
35447
9346
8904
97627
45730
74165
1681
45611
11026
31107
80587
81603
62818
79954
22589
55303
49746
63156
18301
51339
97867
68046
33257
26314
77589
8392
84815
22658
42780
30184
13919
38261
62877
86894
90633
14520
40895
14116
9997
85776
34447
24088
41417
95170
2319
63058
36648
85081
47799
45028
2410
26505
21554
63849
56450
90186
80045
67962
16266
75544
56111
20345
61517
7675
21144
94548
11077
41334
27279
20501
78961
57312
18956
80062
28169
82300
85458
43914
65562
23995
95316
46090
89310
12122
26569
11839
83593
49011
256
26258
38825
22612
48237
32961
61692
83387
41616
98202
48167
53486
58724
95420
34216
65909
89687
57987
26740
93671
18953
16905
78364
98286
32689
48809
73871
51851
99293
17220
79683
57683
50632
61539
92336
96347
52743
57934
14835
2857
6381
91107
47053
2745
48008
99230
34531
22589
74201
58946
64213
76989
89282
11906
53158
30324
55135
83902
34700
9947
30652
85369
8665
7395
82201
21484
13880
42664
21020
12084
52240
49419
69465
63927
80122
61538
44152
13359
87957
71946
31933
5409
55767
5586
59590
54814
44370
63583
2782
77730
86439
91945
29168
17585
65008
27098
66343
62085
97839
12882
20308
72273
17192
68234
23373
4229
31851
27082
23552
3827
39643
82292
90150
11148
92150
74169
13007
68985
46523
50005
78728
76261
37376
87932
50543
22587
76512
68997
3960
79570
5863
32864
92280
31726
17391
78816
60423
98364
61122
50071
24394
19792
4435
14910
99833
15715
88365
54646
76312
71768
58479
55412
81131
39117
37064
94542
33434
96852
82064
31803
58284
89163
86424
22663
85299
70579
39287
40570
57002
45461
46762
36126
36979
27072
29041
89202
85276
96921
87706
39205
70701
15555
62777
78679
55396
58139
85532
68427
23530
61473
16323
59151
16654
24223
77583
51808
28580
95167
90501
77702
53360
11150
52558
73596
29931
37772
51548
436
35421
78110
27776
23926
98886
9064
7597
4260
20179
14771
9961
5561
73925
6201
87190
68937
59187
7745
2222
43954
47941
53261
54284
49896
69133
61809
26142
35385
25631
24100
74021
47945
77788
70556
89353
45663
7976
80581
14924
19323
97566
83644
51580
3356
60915
40397
78334
17989
95469
44785
63149
93692
60314
65344
50850
54152
51220
32717
72319
7390
7283
35364
38971
78824
18392
85078
79293
37061
90878
55400
11607
85321
64619
85100
74782
59917
2988
27079
49073
9740
39116
23867
11848
25905
34867
94321
37523
14321
49203
55870
47313
58602
73476
67981
11795
69089
19651
39353
91888
67196
59202
26453
81201
16836
80856
60323
66414
17673
99292
61134
13169
36720
63613
99997
17319
75044
34901
65560
85849
17258
47860
19692
37983
50124
32317
41713
92251
1598
45908
20250
90363
83173
17416
44402
31973
59599
38806
84076
84265
68986
48303
6416
67965
35691
27496
70586
21078
44437
66258
30931
60449
25659
4844
35608
70972
99375
13921
31964
43652
88172
14531
71664
59874
11118
35502
72960
35263
64298
19363
62855
53792
74085
24724
95358
13743
92429
33844
58809
96047
14519
39288
59830
11309
47694
88053
39389
43989
55687
85206
90393
711
3329
22122
16790
52247
34954
32612
62738
71069
73712
93766
24432
61212
57732
3247
12536
79671
62319
6357
33748
11576
94430
72865
52773
48689
97388
48135
1965
14510
41173
48572
89038
82895
96015
44512
3467
55379
74833
52801
39117
26595
84368
19709
91084
73805
66896
78474
8964
92447
65224
12346
62925
14772
28210
49856
48172
93855
34541
86954
32704
47612
45766
10907
52518
96467
62677
34997
1402
38831
11768
22269
84042
86014
91972
68987
13971
81807
59453
53188
92462
49854
62738
48590
86653
48732
33494
47936
813
58959
81379
85132
3439
46422
47730
11139
71179
92259
87832
55331
98834
96492
84020
31233
41608
30604
9418
98533
22641
94202
86329
9194
24403
22410
20940
59241
38698
65643
84208
50064
88466
29633
358
93914
50290
23452
5077
43832
29213
39629
93778
7356
72508
75725
58318
32971
96731
554
90963
70925
45975
43691
44883
95092
17350
34184
77535
66022
87684
54727
31829
66612
87608
76634
21143
45087
60270
94613
68929
27014
88545
83846
20640
43443
47362
18902
72919
84218
46045
87850
66923
87537
36180
14948
55069
12304
77815
22690
9267
29520
57420
57684
85249
43280
3327
51998
22729
15194
52439
55429
23993
67882
37706
85428
84061
12686
9262
9055
47953
28131
31126
58344
79020
51075
67086
26188
76747
37842
48022
20758
5458
80856
95989
91883
56442
33103
31112
39008
69876
21072
86433
17013
67413
85608
19831
31796
73977
52403
75027
12979
88026
33629
56085
78492
18569
75476
60167
5925
38212
74940
25154
53312
53722
68836
66110
79372
79116
68940
90790
23275
66546
37893
59714
97943
70111
64878
71110
49878
46572
88146
93539
52640
36721
29338
68238
6029
82687
11203
61450
40098
92363
27769
18796
73466
20432
27332
25720
25265
16808
725
83045
9296
49393
7818
83484
81583
47526
14180
69453
51931
65169
72571
9633
52977
69526
11443
27902
45184
70542
61842
21947
63662
35600
90846
7363
95827
77970
86466
38210
46069
583
67141
92496
14845
68349
20046
97776
29870
81742
27973
55611
4168
35679
57637
35385
87578
75028
89255
77128
64395
62183
25418
41177
92765
66880
6604
92070
31811
23188
50179
42121
69886
35222
52731
89149
18103
62745
32619
67394
24951
38596
6678
54590
55738
68693
7591
90020
56771
8333
54269
56253
51709
25903
22767
81793
79482
95721
62908
26899
40808
25140
81328
76619
91824
39714
96469
16779
80457
6461
68564
29716
66825
60072
88578
98904
11324
1507
6070
60238
74509
85553
33495
68506
3485
51490
29651
56470
71591
30387
10570
65922
32946
88193
53849
14395
27076
64834
80593
30949
52141
93646
22135
52001
22738
91721
36367
22600
4914
10775
49789
20708
39448
28442
23880
67006
59656
39129
8477
94499
18776
56524
24688
97507
49720
84264
22074
35645
10435
63074
82119
60286
99101
21620
20817
57267
28861
51549
58768
86876
79524
15958
76366
45334
71885
60743
85982
11245
37109
66758
72555
57752
44234
61103
18103
78439
58695
84256
6914
30098
49129
59802
23911
50375
98307
12672
35289
29485
69582
99282
85041
35216
52696
30311
18589
81772
67602
54513
88804
35862
17037
44341
14893
78830
38614
15181
9198
34341
46008
65581
45244
57835
59266
56123
95123
49078
92213
98075
31921
93040
50707
98415
64190
66717
52649
57341
16141
54033
63353
12862
10188
58124
90574
95195
71339
61504
50747
99936
84160
44949
44451
43938
65032
82257
99437
54995
9240
85257
49413
19898
1774
20569
38816
50449
22291
59855
49887
40992
79397
560
75358
88445
76438
6319
53728
29193
50766
17501
27857
35359
23476
67835
65385
49965
42213
19735
94758
70065
74898
63310
4410
92033
74309
3341
83355
65750
50547
11809
92960
65778
74448
31777
72980
8086
70579
4879
11756
45043
25299
80460
81575
66019
24435
384
10249
34298
52047
36845
74235
81746
54335
40466
50753
25546
64020
78775
69116
39000
84132
11509
35770
47428
33856
85387
86966
95481
19385
51569
72052
27379
50763
11166
91522
15393
25508
25039
68042
43365
82887
34593
50389
56146
2392
14521
62753
94130
45716
30168
59710
67447
68825
63382
85005
53203
44722
84596
15902
95228
74981
56529
94856
23521
66032
72230
58199
11294
75935
58184
98541
47600
36559
95640
33204
98141
68603
7646
72821
50261
93370
56147
51212
47511
1529
48937
37795
95229
28330
56786
59928
47875
40104
6228
94966
23075
97079
93817
82655
73682
97500
50849
31948
83940
76662
44882
93496
29807
44677
95333
20440
13273
88552
58904
97818
80550
33846
32209
83093
25829
77157
11434
71474
21945
76055
63250
13776
77378
39095
52880
32177
38950
56048
2433
75069
44238
62414
36794
35575
48881
1463
21108
39193
61927
85201
17073
16736
62854
85346
44215
98881
21039
21926
72688
4475
51957
27394
90813
68712
34528
97572
98999
45341
49940
71583
71415
54068
10054
76131
79930
57605
71578
15267
21580
92905
70831
99113
93059
81596
17583
18378
70164
18786
60576
15904
77662
51855
90679
52746
90998
83898
33108
99659
3140
20791
82913
52887
63755
8262
58128
43677
89159
56747
62758
44874
60501
60420
5365
5027
55124
95883
70374
8941
6683
60057
30963
40468
34539
3930
92143
83971
34838
42901
29107
10287
76393
47116
13684
83798
72086
24509
3270
38025
33564
10861
6956
44641
89313
83485
28303
9971
37631
75470
53259
43563
77703
25861
54526
35470
1671
80070
93355
86599
9457
19246
40177
8066
64971
40024
95346
8915
47193
61284
87841
99453
82896
54222
43653
34555
1084
8901
33507
60648
93618
22998
58808
71445
80783
65135
44361
55350
34020
74460
5886
42391
17166
25372
72069
8834
79364
63470
56444
18715
24909
918
80451
91821
37208
50706
39597
44042
64847
77810
84007
74696
65799
26832
70250
13243
24311
51142
54161
77666
38656
72474
21948
85320
96010
76497
82350
7476
24359
21418
87419
23108
31472
83808
92333
20097
45503
87838
13199
51960
5549
64307
71655
8365
95084
8301
98073
91220
25821
71553
58914
20773
34520
28971
3221
76985
4917
56865
10968
67409
79553
84841
19941
91736
39328
99853
99573
95513
65434
30277
79737
76748
84582
56220
78875
38702
70024
95857
20772
44441
28438
2880
52244
18382
78453
760
31112
65735
63589
68217
45186
95954
93852
24942
61419
39190
24974
8769
87408
26099
87934
28835
7310
1309
85830
78303
46083
74234
32739
67971
47339
39207
42424
35359
19696
88238
44593
74387
85599
28410
22421
71901
36599
7098
56793
45595
75050
77180
17774
74946
50697
72856
35638
95186
78386
40626
50977
65659
91066
80871
34313
1726
64587
51782
51104
45463
35312
90366
36434
90549
20509
18117
10869
78789
20746
44019
48544
94754
20914
43863
578
29389
33458
73010
46144
80831
67610
66799
57399
23761
61152
10407
59935
99724
6275
33288
81935
91976
47994
10776
65121
40271
76275
93561
27149
90910
79405
20801
9409
7307
10522
42552
3241
90847
1689
23507
32783
1811
88931
87730
62709
85587
26102
75024
22961
96256
29577
77351
36479
92046
56468
24679
50091
30977
44586
15825
72902
11732
12489
82524
21900
18224
93300
14738
75964
1440
27280
13349
8694
8500
17939
91958
28235
42857
62734
30700
14417
50858
85408
52330
64208
21658
34663
21771
74281
19313
40797
56891
96869
56250
58921
81232
32467
85600
71892
94532
87260
8916
65275
36787
34426
38576
37876
58236
30956
76730
32426
51295
28925
88347
4058
26111
34106
83815
43784
42380
16254
73153
83306
92085
37948
96095
82147
46466
58347
61925
44029
63268
79508
22505
20710
6141
1881
25068
30039
61715
84123
2221
66265
12864
28263
92232
88685
54581
12919
9267
69388
34192
78510
97385
12085
85467
22683
33723
69505
87461
10132
67373
13859
39725
3356
99481
99038
44075
5316
61266
55618
30689
96773
53696
61317
65991
6296
65738
69591
58680
82641
6866
9959
36985
99234
82550
10442
83085
90638
779
11615
75141
7948
60429
8046
28907
69733
5975
48140
45923
91124
69642
77226
90871
53364
29960
91306
97660
34
38051
3586
5640
12756
88707
87127
86731
7940
18448
88289
31319
32993
91663
78287
44388
58003
72569
90795
21177
28243
61220
72655
91769
88559
1606
80155
29407
2293
97831
32318
30645
49002
29893
41175
39551
61449
47990
29606
97486
14989
14872
4017
28712
66326
79856
98838
46314
57628
12618
68879
67004
2787
15743
53676
5392
47852
90259
66728
22741
98586
21139
97004
26978
27464
48989
59596
93620
82268
73356
97081
73955
38637
33359
39511
11368
87428
51177
19114
26076
86197
51585
58973
32255
75573
27573
20963
56956
83546
73144
21673
58432
62094
66160
37867
40810
96172
85304
73945
73742
13949
27500
56758
7493
86101
21082
96126
25789
20577
9190
50385
98626
69931
69783
31382
87547
84236
88213
50989
1789
9082
73067
70000
14307
35626
79174
10656
13928
45244
85342
82761
83909
19998
43235
51126
69195
77838
77528
5313
77006
44255
68334
57563
9390
6716
27523
7457
94052
18837
69272
34338
78997
56071
89273
97016
8844
12107
1259
86616
29760
77704
71888
59520
82357
65483
63635
59349
34905
18077
32088
2716
98989
60949
64883
80392
83568
23755
25082
562
32700
63269
41023
83368
86916
68919
10847
45816
48043
71676
56332
84410
92089
36437
49016
56476
86680
62316
55000
60615
65156
75809
63767
85597
33605
46969
25783
96054
76020
66453
15010
94222
67957
37641
98170
47151
3841
12843
31638
83480
67299
31125
69429
64768
84766
40030
8370
78916
80185
11992
14351
60360
8400
47863
57111
68830
95452
33694
24448
48941
43239
68313
8545
83023
440
25434
93204
45605
90320
45311
64391
31597
89413
96187
5979
37727
21188
26537
23940
85624
60079
82979
84573
34982
90402
7348
15933
34561
48354
58476
83510
80533
64020
26169
36023
25637
86201
56208
49385
96364
27927
13290
35990
589
46093
33437
30435
1444
8132
63349
28279
4226
31567
61810
19818
4798
50631
75668
2076
90122
47164
18627
8557
62008
16454
8907
5521
60396
2428
48802
9686
82928
2087
82457
72392
91475
90250
46157
65564
76040
88772
29183
20086
43161
39682
36006
99323
42016
550
33011
44142
72865
2430
43980
57897
17856
16776
86796
65699
2028
50171
45151
33846
15149
22830
66646
70498
26821
75537
92886
31559
38651
85569
8993
91687
46426
4057
79736
13655
66843
88630
65845
70503
67493
47150
4870
21515
78437
49093
49616
20582
79970
39689
88516
84912
17041
82770
78460
94479
89402
31010
11900
57335
96801
53162
27616
98503
8348
71534
89498
89613
12622
96017
2517
49838
90899
22493
66816
81732
26390
58076
33782
37388
50593
51383
31583
95984
27934
7727
82414
22109
8076
32019
99332
98007
26877
4199
76945
94750
9658
81376
23586
84351
41358
49420
44101
81764
27511
77882
89698
46967
25765
27305
96348
32804
50989
2823
83280
22578
22703
16318
26250
7824
54145
90286
5547
65229
78610
61055
37632
91314
6387
58202
25263
78437
50743
75958
75321
35380
13362
83757
73806
43136
42530
26950
75358
55177
22304
44479
70703
99523
76
94679
20203
47774
7745
83694
19499
43136
42822
96963
21858
77280
99714
70778
48731
48122
49685
69372
85225
72062
36544
11252
20846
39884
4592
38884
44271
51144
17131
15599
26000
58401
24098
21465
50591
65808
86135
1058
15148
998
67798
35095
66432
96397
95843
78094
50193
39336
27964
48139
46394
35595
70793
42021
33789
70813
2531
84038
34275
39406
1969
93237
13159
28868
48729
17855
44764
80205
5641
7714
91197
19225
42685
95018
36637
98510
91543
43214
99211
26526
55598
31136
41542
85629
41558
89381
4371
19586
60138
24897
15348
1318
59890
5516
65911
69673
560
87479
77804
86292
85123
43243
72397
67961
50630
58152
27286
39968
42797
91790
6716
86175
58552
13034
73892
50213
74337
72691
23428
96320
69027
62496
86825
68363
61612
52729
40246
36384
32626
88389
6404
36179
13773
89333
93574
72252
40536
88805
52556
47234
47356
63050
53831
39353
61613
93840
8790
75166
83877
22934
32846
63312
82278
68213
87585
47355
12293
38254
42369
58188
7001
67590
84816
46889
19340
55833
88982
89372
69379
87961
74544
76938
62513
28510
56363
85129
77086
61118
30395
71963
52023
76366
49413
22477
49671
84307
75896
58055
20376
20141
94988
71104
80761
73885
6571
37561
11475
47440
9998
6343
7129
7635
94492
46589
65390
99262
34228
34921
61775
48046
43678
41824
1734
43997
50553
13917
44390
47525
6092
54247
98312
87162
31175
56304
32747
93352
74367
15540
71477
64776
80868
87052
36577
81538
25472
59440
28760
45192
2733
32021
8976
18088
43805
27740
19808
54560
90557
56874
2982
15051
31461
91859
29271
83674
91406
88513
31070
31368
59327
69250
26011
9775
33271
10234
24727
76374
80582
17564
23450
33387
18563
91600
43088
3764
37921
10923
78058
17072
2029
7796
77494
93263
19772
75874
71301
94472
6125
69509
91605
90276
48954
77667
78298
35082
51875
57747
44871
1134
16986
85543
88461
78654
82029
79219
96854
6348
98598
53791
71386
86930
58982
52687
64779
13819
5495
62817
50497
28746
43785
24350
74205
54240
38336
2016
80541
96299
1056
12247
49911
64850
62291
31991
31878
56397
9206
87302
16259
16583
12335
42983
83007
34789
18945
36784
51815
28103
1878
18793
97543
50548
94244
18522
23835
29119
89731
60168
40458
42000
18988
15099
90110
62903
23756
6265
51904
2879
93999
24046
98831
13562
53236
34061
51288
2828
24446
95417
40140
92963
88999
26053
41562
92342
82180
20768
41352
89816
15090
22795
94948
35331
72694
49432
39071
53486
92647
81608
80693
90193
95755
25467
52653
95027
53459
25366
94042
77973
94525
84507
98939
19139
47756
84779
79758
60029
1258
75235
77284
39957
35269
94181
99610
70634
12088
55745
71867
57360
33246
25310
12816
5473
47716
59269
79403
82767
27113
30444
92185
1307
10778
61129
72776
45824
54130
57934
64520
44652
79178
16017
89484
28956
49793
76961
57198
94459
40788
50371
30099
74034
28750
4914
4227
73414
46632
16710
87871
51799
77133
87902
11743
66838
95316
22080
54342
12434
51052
85861
17313
91684
41151
17861
25684
53546
86666
55312
6539
73507
60459
85064
10881
80374
34767
44548
92688
46006
14813
14462
63778
74007
16695
51790
58697
30977
93082
7032
88946
17448
11767
60916
4963
85800
14135
27972
42656
97124
58149
32395
7
5700
41972
75697
3240
15214
43325
91028
80235
76002
86715
86816
41752
29859
8852
31299
13357
37853
51933
26083
17993
62076
43818
44676
97124
56842
40197
10539
6729
17890
76013
14983
12233
6009
69738
65555
17253
98554
58985
82653
95527
97508
29171
92447
37627
600
92376
91119
49823
41341
31764
37006
97099
79370
98739
31980
68099
57194
13662
73525
98731
41498
78113
69516
26224
74785
85626
63187
58018
19383
89211
8619
42219
47234
89446
31447
86766
48570
33690
19630
18166
8376
40991
71426
49797
52607
64426
75520
50609
47902
87247
59562
66329
94122
61454
31172
61750
10535
56122
32845
2252
88595
6430
59514
64738
2643
35021
89961
30631
78976
70631
96580
29701
98593
68656
96851
32177
29750
30691
74566
2401
95072
82784
81890
25697
22885
26504
78118
64435
25455
95626
25398
93665
69959
96174
51880
36893
57904
24996
93504
60040
95212
7232
36865
32162
88566
80302
24413
70788
67659
84831
40263
58217
56107
64467
11683
20167
92885
3624
21043
5063
21565
59527
88707
40095
57800
21056
8947
39120
99359
15924
3516
2193
65602
55611
95977
85258
56016
14624
14022
46276
82892
84311
74467
78145
74127
83376
24811
49840
94750
88216
58897
71782
10213
13733
99894
60418
10460
30871
33788
61510
80053
28169
2612
16646
30789
18882
26649
67650
74571
35184
44409
53544
6396
44759
53840
79265
78400
37547
4564
89615
63468
61730
7616
36177
26473
52296
66419
77618
67584
87675
19554
63414
9221
13261
31201
38336
10779
92971
36171
61986
77142
32911
13588
6807
36293
7791
47218
29072
68330
5563
54529
88548
33974
68174
39326
65733
15687
11430
94474
70704
22032
78865
41725
96274
69909
10713
28872
48973
19075
54516
56501
16783
69763
66806
66726
22798
23028
62891
8631
15811
20737
93788
93056
59711
96407
25155
55237
30697
61338
72080
80110
9059
54171
45128
29802
15299
72971
47106
13069
22660
26180
13458
36885
13791
79269
21405
59618
56819
40472
28886
29741
33939
25628
95386
17162
48273
1592
25584
62854
84712
92195
91172
34267
47854
59556
15927
39844
58143
58667
20920
33757
47621
2151
93148
58453
9125
37601
88921
96328
96975
75190
76147
5515
38247
49628
20023
57597
9253
42870
43404
34899
7043
32761
56174
93491
33774
84610
48738
2152
4381
47464
11750
48384
30217
48211
71295
21077
85625
74093
10452
55967
12734
67828
58519
55595
20771
77421
49398
21223
8784
23906
8609
3394
84919
54005
62049
56134
71934
16212
19665
83246
95460
46999
98636
80627
85224
85788
40597
1385
44428
63576
25608
93491
55499
92056
18896
39025
39505
39618
74746
50616
87039
70019
55452
83036
19471
48213
43766
24765
16745
54792
68368
83409
3302
57453
7781
35007
35431
44947
34768
12445
13444
73069
37251
89838
95637
89583
55358
4678
28224
89767
90186
90633
12063
77545
83257
38500
55147
38968
83481
47051
20533
1619
35694
26183
32748
26171
4151
98089
86812
13053
61797
344
28774
37499
90422
96395
20228
81989
52416
36586
8323
74359
20030
35181
13596
5015
23496
36515
54921
83163
47153
1923
63902
8231
59217
86804
38173
60322
38820
43211
6431
34653
56552
49260
27743
51981
46533
90204
93458
23615
92771
6048
36079
8797
52903
34579
14508
43085
23930
39426
8216
53301
20010
32378
15085
48464
1146
40259
71270
18137
49991
61671
99309
22823
66098
90577
70746
23430
12886
94031
91634
33571
38959
99415
93566
27655
53406
5874
46830
90452
86756
10843
41014
64806
28217
30890
71856
18622
54311
58013
20550
38493
39936
53128
21846
41723
75352
54323
11944
69077
94609
78205
4752
38511
65479
18277
25254
69520
98451
73697
16117
25228
57658
92024
86297
42550
73972
52647
10805
18092
60274
98421
90527
56051
99301
93757
30473
7382
8990
25326
50044
87849
71755
2783
21042
9154
59269
8604
68710
27180
67231
38391
98078
50184
84553
11310
74491
31416
15405
76912
58679
83568
66574
13534
48282
96097
68376
93928
41582
94415
50038
23910
42087
40964
78142
6380
26308
70574
47127
79188
34220
70287
52260
78367
42627
7630
36338
60487
61953
83988
86210
65557
3939
12738
8480
2420
26088
99909
16402
67619
72490
93262
68226
773
21650
46332
28466
97405
26769
90469
47244
11871
81726
29289
73015
9506
16715
73639
76167
21542
35252
8153
3856
72967
73244
98422
74542
19910
73243
30268
98851
51272
31210
64545
63237
9909
44755
19182
81992
63948
96009
92064
27500
54780
87142
76048
39051
66224
54837
19730
89985
10869
47893
86062
84887
64397
51140
50324
39505
51005
70198
34802
66931
76005
86189
96217
61137
19015
57358
42485
56432
50044
82854
6748
13727
86173
30883
36237
72591
6988
14143
56475
77041
76470
70493
52749
51060
12925
47446
52790
25572
39432
61508
16345
31193
94403
24636
64912
48059
50948
89336
29469
14307
95308
3781
1510
83610
33253
17480
63009
34550
93734
76699
40596
11214
21381
34788
70406
81473
8128
2104
91261
42894
1617
67038
39085
55170
49706
76361
34254
27139
20863
27772
3192
57361
75928
87701
3714
40633
70425
64704
51442
39142
97880
15970
59972
61951
49054
63377
12629
60479
89155
91491
77918
24426
2708
26045
98713
38997
99885
44101
8007
57801
92154
53064
25737
26703
61046
43807
62648
16276
54252
75018
83056
47275
65933
16671
67048
75005
73041
11197
26361
33087
26008
59296
89924
58987
95141
64879
59207
17337
11030
22499
98957
40637
98281
12661
95625
7217
62124
92524
19143
51499
22705
1192
33138
23340
30918
70867
54841
6462
50779
26679
4480
2071
57195
40876
10549
55147
87372
77471
55124
49752
97855
63282
41183
71383
50768
85762
22499
80904
98165
77620
3166
18658
77039
17413
97655
76614
69538
15556
908
37254
61505
71207
8337
9533
23724
45561
21896
42958
60084
4836
37121
73879
43675
80997
76571
23367
11671
50014
16164
88749
28142
82517
59524
75135
68989
62581
62015
2425
58463
83482
16823
73207
61102
19370
2609
2058
72826
90096
72600
8856
14902
4128
19070
5429
56096
71045
27800
51531
10232
45289
74593
43434
87711
79310
70055
54034
32647
77647
70713
67775
92732
737
50364
69509
92285
4813
8910
40329
41826
17691
78945
57928
82197
80086
94823
93573
12986
11126
50365
81318
6121
53269
30846
91030
60815
16106
67616
69889
66174
18590
45441
1444
52207
12462
47248
98733
77139
18136
22456
46969
57149
50435
71174
409
81486
99553
62763
21561
16423
75284
87501
80950
3598
49701
49751
59253
97682
76812
29210
55531
87120
29690
35967
80249
64114
79409
4000
95571
14546
64842
77707
86314
34542
88810
10727
27620
98022
37683
99833
79298
17698
65662
48463
61526
95267
9252
23227
23584
58412
50750
4871
58703
3866
31671
43617
10084
21352
84808
94572
11388
56230
750
19536
43451
76498
98699
37143
35269
33792
4196
73410
49065
32113
79235
76701
99297
53262
6184
6187
90421
62924
4128
51653
71767
11195
11098
7568
52259
39818
72373
40443
60168
91854
43269
14055
12552
66692
89652
45919
13948
90161
83959
99913
29307
29794
14091
59930
29171
67370
88363
47873
36155
42059
15494
91960
35044
63047
66491
42029
41067
25213
18300
33130
17337
82178
11497
3418
96676
83387
77709
9290
84282
52485
12161
8699
66143
74086
1974
6376
27373
52007
83708
89374
92578
53204
46544
94591
21614
57385
2745
20711
20561
96015
93519
29512
16087
19943
23055
86906
64524
57420
92678
8765
314
46953
94047
1142
99418
30210
33035
84635
66327
46180
49797
25374
39815
51909
89754
95527
94038
84030
21041
36443
98970
9231
94800
60242
43052
2980
86635
22005
95319
27488
30893
38179
43712
25941
60311
97899
77467
97756
89509
15775
93243
25139
18000
53606
93330
31527
21393
5121
42024
64653
44031
62411
91191
33808
83505
36775
92395
17718
27094
12167
25608
62001
69011
620
77401
40221
94870
13891
77105
81512
37085
31423
47645
25061
75425
58287
22979
31384
4505
31745
23328
11598
46489
19817
59813
74387
29669
57404
18497
97638
4670
19066
62751
66621
75993
60098
56682
55820
38998
86192
76165
35174
98005
42952
22622
26785
62643
38502
87199
23886
72791
57278
45982
50046
19252
52335
64111
1504
98483
71528
91953
56293
82452
58512
98563
47677
60531
68973
20568
30161
37631
57659
21640
1582
68226
27598
80642
29742
35930
42551
2894
2530
4442
96586
92584
84146
60821
79706
83437
58003
92844
61080
54536
39443
30428
53140
73021
79672
48647
19582
50813
26539
71027
31518
4590
14616
74852
78901
93744
34125
16835
78892
14380
78599
93202
31789
98434
72962
91355
70754
90971
21594
12820
78652
7162
82377
71597
32334
5076
73022
34054
25682
92903
88840
41755
81378
47256
46093
24415
90542
8666
71376
21739
5198
28740
12965
36070
54359
34111
60030
59285
39475
90589
37674
59096
931
82769
75396
65275
83834
41002
39067
49755
16663
64354
89799
65055
63053
1424
50453
61317
95005
62696
14505
99748
80483
11083
22890
85445
61867
56998
92464
56414
39598
88231
21074
60713
89190
48325
47614
88788
22694
71766
81655
19980
63894
78552
7436
3290
6730
99463
40055
45001
73757
14752
27710
64915
56781
60131
92117
42998
34216
9619
82025
99574
53711
36757
95108
49139
29785
54663
29524
96247
57234
76460
1981
60106
43800
37042
24002
52004
38935
67398
72892
13215
55535
25781
44498
39481
82867
39592
79239
42865
36115
6965
43874
52288
50682
64827
30570
67162
78310
5416
83896
92896
62320
46552
81901
33497
98949
8012
45122
95202
36145
40267
91867
13255
7365
72155
81081
16954
38718
54037
94906
39983
52669
8926
82214
32607
73672
27573
36534
71282
47322
98541
77949
87745
82961
53859
77178
72610
50557
99720
29514
7139
5650
31639
24712
99914
3533
83495
75134
75706
8200
15015
45627
71248
41130
82053
91008
66307
27569
35746
36245
11370
63391
22949
57281
15422
79529
76595
90951
44581
65864
55372
89708
50231
6200
40677
19212
45103
28094
34507
76085
9800
34688
96578
58275
37353
43868
50839
17931
4589
37987
95137
85774
69914
73145
5861
7804
99668
53895
29837
62411
6928
95471
26403
74380
48686
13625
12352
55579
93055
95670
45558
80450
3253
20943
56413
42614
97905
2502
98739
34840
14031
95485
16652
42506
40246
83156
47915
61329
68580
65650
98753
99632
4664
42631
11543
63713
65493
59694
26650
79912
61571
9162
508
53125
51310
8048
22852
30921
84001
43962
28972
92337
59718
84561
70764
37698
24786
62396
47438
28062
78246
69236
11508
62071
1222
55680
68587
69047
54189
27756
44068
67722
22155
15634
64267
3851
52268
66179
37968
93393
7022
486
76090
84267
29802
5866
27640
90387
88852
73241
42104
14742
56305
80476
3684
50594
76053
24
47035
37549
9875
68869
21420
58090
42
67807
77703
47290
5975
8120
799
39765
78223
41931
66273
13471
91954
5317
49108
39664
58632
4904
8028
99866
89878
15633
74828
36246
11044
62846
89019
86045
35031
72784
56090
88077
36486
90099
46620
65186
2598
7071
74992
44946
11289
16089
74862
46644
78137
29177
56166
11122
61099
78851
33297
26389
82758
65637
28825
63682
29668
49011
53296
71883
11713
55178
82206
53769
64778
95831
22855
641
77157
22278
21086
3477
519
74153
15965
5532
13618
68705
92949
65401
45195
19615
20675
16822
50130
43800
53547
66537
23421
722
76290
21069
87052
12653
98205
40069
60345
13469
83409
36137
79218
2364
2452
998
64873
9184
72395
54487
30401
60535
55525
64989
39267
11227
25306
81459
67511
30417
30350
16416
76192
58573
63136
17266
15485
43101
23591
28789
61371
87472
99137
24478
49329
10669
95521
57123
30009
81649
83708
25711
89058
1472
83306
34985
40383
84771
23965
90804
13466
53455
23386
68864
32769
748
54799
9006
93597
9558
6505
2165
57916
27487
61579
2303
74463
78041
2217
93562
40629
42563
58521
85762
20430
70614
93880
67373
74761
18111
63746
13605
26174
31640
31367
29894
96043
96165
91586
16761
82841
7098
93582
91799
28428
84265
29903
46121
6377
38649
19561
64169
17101
19649
10562
91477
89451
47997
74062
48062
19568
10464
87517
99012
86479
65333
89458
55986
67533
93818
37177
78153
24124
12126
64765
30209
55037
11527
26006
300
9165
71940
99661
10280
51580
33424
8060
91318
7590
67355
31316
95680
60148
25170
27135
37285
25190
52540
60181
48723
93239
89923
49014
75465
67533
99901
39601
52315
45691
31425
60202
13828
18351
83568
98386
20327
83294
47802
43134
64415
76538
47077
76760
36401
10428
96829
97699
49163
9547
73863
86335
44007
79325
97288
37634
31761
48357
71987
40186
42266
24143
99142
28626
11115
32344
87610
78156
85612
86847
19864
13444
23531
90527
25326
50242
14667
46145
46888
85860
69392
21746
12689
56373
5579
40856
12944
95728
18304
7515
25925
280
749
34605
2807
59937
36086
46178
86305
46623
76800
60323
37731
19141
60064
22129
2987
71068
68590
30937
84342
74483
9069
45868
24514
81450
69812
10607
40241
16168
78094
98316
27285
74264
83248
77234
5862
39883
19695
15896
83326
63966
66172
59539
99983
80795
64610
66931
69623
76827
6360
51136
37732
90109
73921
47929
18801
5617
83831
28154
16197
71215
98047
18065
3257
36797
66325
68490
665
51985
21206
8378
78714
20708
48244
52805
4748
80635
19182
80863
53975
65108
21892
6628
95090
81670
21669
8434
86907
58434
62418
67738
50643
6415
21844
29667
63584
97186
88912
46584
95505
13448
78856
43230
97170
3894
78947
86560
58561
21863
58401
52684
93046
21277
6930
27488
8121
54702
87521
23005
20497
41819
35651
19543
20511
61418
78568
82247
48819
24661
69005
18523
84841
13672
72775
87669
72262
35114
29786
5978
84968
84066
32458
73698
90975
69917
97124
83451
61115
46379
63690
42459
21004
90600
32945
98414
72178
48443
14131
70306
70210
50
98787
57742
54605
38831
99637
44880
15653
90458
49428
15932
72530
42221
24374
26076
20155
75559
57806
96545
75567
20165
24503
85913
57888
56309
6330
55207
85309
56231
4812
5423
70902
9562
76901
73897
46627
49192
84409
43101
92548
15798
96733
42442
59538
33562
18753
48429
56537
63795
66272
18850
2205
22901
4122
61930
55097
70106
82361
36109
38087
2924
98613
7777
56942
83855
71953
75664
88223
52653
85453
66282
30289
77892
46900
23513
53746
32610
25062
23876
60553
25063
34031
82924
39074
98294
56468
29879
37496
17835
20918
99505
82930
65110
2516
9469
29220
14392
90046
29052
94372
5922
90866
6524
56892
84622
60771
85912
76093
71390
46252
60755
23040
46324
11101
15744
68227
59200
60367
63792
12275
25944
6765
64549
32927
32131
91353
26604
7849
53532
30918
71138
23759
93943
72650
36997
5279
7975
87474
80657
27110
67547
41708
17020
49143
61042
91534
5238
28588
7143
64048
16187
43947
81317
13921
88615
77635
63593
70218
13876
89770
92056
25635
73147
76819
37155
60872
87006
29799
3830
67852
33240
38717
65352
44113
39880
32417
16483
20978
11873
34119
97719
59152
91815
97742
33300
26668
24381
86000
29973
95182
56929
15041
92664
82400
95244
61468
43752
1406
52839
17987
91474
10262
34187
75335
29983
79260
9078
36390
84361
53304
87523
16764
27792
75550
52105
96459
64518
89785
18081
49958
8465
53340
90869
23134
98463
81003
64095
70225
92166
53663
50398
76019
5823
30876
75927
15537
35467
21481
50527
5013
97421
36334
60485
44360
20567
25350
39494
16988
68007
19370
20995
51908
13164
58417
91401
15840
37208
93155
47840
62476
25625
60382
59745
82054
57470
86485
84440
58594
87120
7147
87003
18178
51100
66359
27241
73901
59461
49698
39675
42696
63108
36023
50749
72303
84481
32416
8
72595
59962
45786
68796
26438
88738
66078
38507
18989
45434
89203
97757
52527
50273
38436
23435
31290
32560
63874
48905
2240
96492
99740
40500
80918
33996
38565
36778
9974
19522
66198
60063
82149
56218
63126
79338
94512
31219
93343
3453
58516
91046
26836
34725
98035
85031
10190
88202
66504
53219
88284
85941
64673
6157
21343
65501
92755
79702
46418
54168
55872
7658
68789
60795
76179
48693
34702
62387
98221
82746
44999
804
42834
25378
53369
31705
18199
77839
68128
55488
56400
9911
95691
29100
73563
52525
24518
73978
91041
77458
57934
90993
38302
30089
38239
52945
8205
43293
64864
67351
47101
8212
80224
91489
30016
78038
27214
7757
39705
4162
2759
93919
54513
54789
39782
39965
47819
66688
6172
79953
93271
1098
79231
26893
2592
97568
44749
31120
31295
3020
45233
87556
23232
30491
22682
31762
69963
77246
37636
82982
41721
75030
80817
51627
41841
36771
46319
85735
98188
503
66515
61772
41345
20378
25956
36265
19851
583
36540
70261
19441
99500
81596
25996
13856
89129
7858
76196
84746
56209
81272
92690
16146
74829
77263
44650
73001
42888
52466
43171
24177
9789
7037
70532
91101
68906
77430
73739
82315
54464
61653
85022
66423
12798
67409
41968
55735
13301
57091
49201
89362
42826
26716
22941
31508
430
60906
21933
45425
99549
57615
35282
50559
50624
95290
54924
35920
41183
65682
18743
13860
50894
39106
57990
57472
6110
41148
60976
36532
88835
46881
54722
33762
78886
47177
31332
29238
10037
85285
29373
43881
68536
70221
19207
57958
89233
99788
2214
69429
55096
93345
50421
84815
59814
63694
66887
16366
98817
33104
8723
27205
47530
58113
53206
13631
20183
59119
4019
86168
88592
74240
23682
21591
19218
1974
44204
28249
50918
98682
12061
68861
69974
88124
65916
55117
59480
37059
24761
85045
41624
57908
50651
71288
94263
68362
90308
50177
18529
67076
98817
49736
7624
74184
17088
7612
46376
29110
76600
83646
4899
50381
95201
28945
43815
29367
79709
91336
21952
63048
61575
10325
57384
32046
57897
98221
44577
65514
17991
34255
84436
40339
19377
32933
4602
61588
75149
13766
71711
7917
91447
93614
34960
95302
84633
20570
82926
1661
84686
80434
22864
33605
57711
82518
58964
41358
58068
2530
86392
26682
49199
86857
88499
92573
59696
25449
60629
86158
70593
19227
9858
26173
46302
3526
86066
75634
40830
93689
51759
54629
31966
24079
78581
57141
99923
65357
52830
15228
81814
13717
53108
75997
87492
61650
92172
35761
47903
71129
81257
2004
95032
54259
29367
80523
31874
21984
26600
71088
30404
68574
89632
43484
78408
66004
25221
62822
26289
4443
39054
90700
68691
73750
24379
38827
12069
84491
46119
97529
86457
71953
54387
8484
56635
3513
79033
23559
24310
21509
41199
89056
85208
94821
91695
61682
3873
37494
59913
67403
18608
22962
4987
62115
41363
7295
6584
29242
65523
82304
19999
74598
2531
94137
19166
56801
22614
60507
72450
54937
23738
80637
77554
93834
23363
82879
43084
95993
84032
86838
59375
96079
34054
45820
36437
40049
19264
3885
74292
78221
54318
13399
44405
25092
99293
81675
6721
3371
26376
26864
99647
90644
1873
1304
35975
44084
13571
920
61392
28067
94157
32337
98323
17976
6852
46315
42498
5660
6856
43567
35178
91336
58915
63547
67785
19574
4228
17957
50677
77617
21875
98829
91739
69072
13922
50616
87062
5685
68344
95034
26767
81782
49194
41152
89015
23306
18287
53508
86492
98333
20191
85770
47686
16263
80799
6143
83950
9290
86260
51266
57290
59675
42636
46008
82865
51374
91071
38547
3738
41908
49545
42777
92135
80120
97713
33809
38061
26128
35413
2864
84294
71829
48128
30197
7945
70331
92992
2519
49678
41597
7602
46866
31628
28137
10253
68876
18983
10230
39745
61808
26890
56043
80340
84178
22881
23610
11526
17779
85397
48491
24081
69531
6344
3603
4977
69405
9115
38403
74877
99756
70234
78835
88113
72049
38882
72612
15718
78224
42807
66529
4126
7627
89477
38459
93791
76105
22639
40475
82616
65949
61615
72763
96768
43851
97512
40049
79141
30394
36763
14367
19603
58232
57876
57940
15379
77348
17156
53693
22907
10010
51493
45484
25895
95415
38904
71733
17180
40480
46093
33736
95424
30882
33469
88669
67310
95645
87582
68640
23198
2737
77746
73773
72601
5984
5207
30366
74436
56712
52166
9175
93430
1804
828
11657
89008
19760
63795
37325
94566
52927
92647
49069
78789
85435
17064
87563
52545
20176
84682
90140
24467
43940
44621
88753
49681
12664
14262
49898
17365
4469
85612
43215
34495
77152
38840
1876
78087
70717
74126
83414
77423
60064
74649
62523
14184
60874
30879
99691
11569
70888
12873
90317
18913
20060
41951
28633
7120
17833
35834
4766
52669
98308
82319
21411
16971
80933
54368
85382
16959
18155
3806
55997
37885
51909
82871
46548
26249
15863
85658
73652
1416
54815
22952
11675
92787
86303
92330
55742
13956
91599
80697
7321
7351
18414
91028
29808
55954
54713
14079
93354
97540
13615
58510
89627
51263
21631
58190
21002
81728
11881
39538
13399
92639
98570
62546
23462
73892
94394
12180
52024
63084
20715
43066
87589
36654
48442
40199
22269
80945
41372
65663
69835
75891
30603
77589
83037
48824
45048
86561
59065
96249
50835
6395
91276
17418
71665
87573
71909
63550
34672
98140
19844
11396
57264
95889
87072
35232
54440
17060
84247
20414
96785
43399
63478
34810
22358
94501
62137
8897
27370
26849
86259
73445
61015
83201
34159
95107
76097
41902
28844
86297
82233
30585
31735
40248
14623
19507
71717
16393
17734
91213
37337
5232
84579
82720
44571
8998
45632
35966
87259
85650
5357
34155
8637
50534
21664
28969
44237
4621
44506
58824
2569
46348
1970
61705
5731
84224
11737
88049
56753
48918
93573
91353
59933
43398
15190
51619
33751
92867
36574
22501
50892
85709
88396
19724
58787
41684
98419
49381
53852
21491
87525
49426
27293
28144
7742
24428
54280
73677
5474
7281
43757
77190
24449
84404
44395
92162
1811
48402
87045
19767
37528
29396
46961
24397
2926
69307
90263
92116
28465
56947
55559
75975
50151
95512
26027
97673
23133
16351
98824
11342
92207
72537
18475
61752
47495
82299
52043
69326
82154
9456
52145
90737
12330
75641
92347
16817
77862
96825
22700
66138
33466
45688
75994
79519
60090
60013
6889
68381
15783
83375
35480
57945
93113
96602
82346
51214
86907
76829
28384
65265
90016
51450
6479
56209
13413
52979
71454
15796
11378
12763
11019
73612
62604
53372
73979
64265
39155
34241
55350
58778
42182
79516
21387
87906
33234
92797
40274
53870
50500
8233
91248
44668
96995
54153
86491
9012
37530
63712
11892
38207
12682
71065
38735
91029
40473
53548
13912
58268
89689
56377
21466
23990
14657
74581
71369
73428
25310
47966
98245
85112
18123
94843
61643
43473
26185
20946
49998
14595
50525
82464
21853
64803
11722
21569
99896
24617
76432
32630
75629
57821
6893
29384
43499
43960
70969
21029
32907
81753
84085
54910
96888
59832
70144
54962
30389
58739
66053
23123
82245
54015
73439
65993
50583
69366
51997
15686
17078
96148
27529
48637
2368
1996
72501
65784
52803
10582
40138
17361
77514
29815
37889
18022
64087
34786
26331
34974
96764
76606
39723
99616
89449
62284
78304
92393
50995
43752
67132
49785
3528
98842
12111
92707
59649
13961
37887
27295
68891
76956
94762
25132
40907
7470
2675
66007
44570
74973
31853
99375
74864
89001
64995
86166
82109
36617
31074
8463
71811
95346
61360
60421
17092
46668
74958
92434
28033
40070
6120
49631
13455
89061
96389
88364
51425
10178
39306
73678
20580
24372
59372
89667
71131
21317
24238
60664
86909
4924
53556
16748
84201
48554
11493
92653
34197
50949
97235
90019
95229
6954
50664
49126
10675
94043
53693
58715
74047
70911
99472
51142
30046
62549
46553
53287
41250
45293
34329
37179
82957
78162
43353
79487
66199
50479
90218
673
33581
67198
48006
17834
42980
68645
84157
89525
14213
93950
80049
35578
97345
5468
32478
98688
78598
80434
78129
81903
2899
90288
10471
19079
68574
22017
82635
83487
82479
12872
33021
75977
55005
34278
11479
78846
59406
5110
25671
61669
95432
68419
81455
66746
30539
94374
6476
87317
66032
42082
15329
68572
18418
22140
41501
23682
92696
79760
45312
32793
85709
63402
5660
17750
49337
78919
60144
8562
41990
39768
10123
92941
16661
18884
72695
28602
16532
84260
43777
13770
47969
69078
84624
19298
89179
39234
68709
41650
58763
75890
27215
55678
27199
70473
88740
24655
67154
41974
27413
513
42077
73878
21568
97047
29286
64133
96524
80081
62733
72486
50006
70528
34468
89403
43582
72574
34634
58567
46149
53313
38577
19698
21379
93630
76836
14652
7866
2504
17737
18535
23845
83592
95948
68899
35214
26186
44632
76787
58847
99829
48823
25332
37946
18544
62355
92046
67243
33262
60902
4623
49388
89379
91212
66321
36290
41861
49799
61099
36849
72650
29962
56179
8524
19335
46256
31896
56784
96201
53841
60998
75843
20635
91485
96981
49186
33115
41555
36209
48737
72279
39934
99926
88910
51380
69506
45705
58869
50695
69217
706
57099
7033
89364
77581
87860
68818
87311
57221
64794
64834
34591
34391
83949
9773
24576
57075
88935
10333
56102
24731
34574
44305
36491
99685
97985
12343
83712
93293
38305
55879
12271
12696
26595
28578
7747
40913
79767
57976
80108
87677
85994
78904
34106
82927
65263
22290
39569
35715
68
70109
94548
58999
56087
94627
24354
68632
39025
26900
92523
68151
54897
49046
6925
82003
86378
63695
52183
80377
78596
86835
66385
22228
48958
46251
52174
4068
64852
87328
67378
82324
32269
94992
55039
98607
17440
17398
68062
21620
63171
48218
31371
72626
52370
84033
77080
85780
18244
20155
56288
46852
33676
57673
95287
90352
62034
97259
57256
29476
85756
29780
69328
64314
4641
45803
99393
6939
55793
36714
55052
73124
47895
60902
18303
620
44888
85123
86699
98307
87495
14629
54382
32712
41000
71640
67472
90933
75158
57140
2820
46065
60613
36901
92688
20944
70233
2823
99793
18502
25355
8721
7639
54876
90183
48460
75
23506
49010
15743
85196
96849
36278
99957
49900
18487
27443
22003
81239
92506
29731
7842
98760
46355
53337
83030
40126
96250
95627
85596
35203
81135
76364
92912
18932
3486
97608
9398
79781
81231
55976
14790
67641
8795
40537
75791
1163
89529
27760
25566
26384
41452
96529
78525
77896
54941
58539
14173
2552
52936
95020
58485
74880
30908
99572
96718
95606
23728
34862
23190
55893
60044
37084
28157
23846
42305
97489
51376
54020
15034
32975
97095
53539
72083
5749
41066
97735
96300
24660
13514
89695
37543
73625
88608
67994
21863
96637
59634
49331
66748
54191
92490
73851
67420
95276
19762
92299
14732
30308
84826
30028
46819
93862
43263
4937
26305
65236
73897
19401
38021
34300
25628
78263
59507
48459
5426
98220
47204
82475
94722
60798
7033
17511
63183
95270
3601
52805
4946
12826
46065
21344
25688
24667
11867
14278
86425
22122
54305
59236
71673
21900
27472
95719
26133
1756
19507
62799
19902
27156
37100
18053
23609
42545
4225
85864
8712
23116
63668
64960
2416
35595
34642
61819
69668
64296
35627
15871
29550
60334
54606
44013
70580
47226
73741
17630
66938
53302
63309
12582
8484
35952
95850
39621
92404
56757
25339
66367
90669
86929
10115
34968
6780
32920
96218
19993
73813
51421
80876
12012
27390
35302
6025
76656
70143
61959
33580
32522
90716
96902
70131
76187
13202
80438
37410
66300
90222
8806
76506
19481
31141
9703
45422
3036
55989
62230
17709
47397
57114
38253
92471
5224
40635
66187
44430
54148
78597
18940
83312
1639
83864
30462
43302
48040
37085
54342
51669
75189
33116
5569
58289
23115
56319
69315
88627
24718
17829
81551
61370
69170
63581
67522
96128
39816
59315
26309
97441
87781
78895
22113
56044
20849
86298
80650
68650
85586
78779
65720
10493
19816
40454
49121
29937
51891
39889
95614
34819
68001
88647
21246
4871
31006
52419
93595
54434
98000
295
45848
44564
62888
54348
24884
27349
20356
83022
24595
80329
47680
47164
31743
64523
85723
58373
54565
30814
21041
41883
12148
71213
28597
69821
20377
70896
65337
21078
85933
61158
36747
22072
86228
12265
74295
45465
33343
11709
49031
83958
49008
21218
21698
9675
74566
14939
26205
98069
80561
40687
78195
43670
29340
90021
76526
12176
56905
5175
10589
91387
60410
48460
37895
75220
43894
27237
74387
72252
59689
21361
17169
96362
61319
67027
52701
88147
69219
19118
12848
92366
47919
7316
46880
20756
185
62772
32664
72665
41836
31522
79703
37278
12309
84326
58571
35785
18814
86000
3819
34621
14974
77161
3236
70563
15405
73044
26851
78488
84120
53222
41028
65751
6547
72741
15215
59068
9937
16501
4504
52762
37715
60520
77838
51849
45358
1264
4771
92561
4116
20040
72696
28527
6324
38488
40504
89586
1230
63416
59802
39720
4831
27165
96664
3632
56144
67141
10554
26025
4577
87126
59491
72347
71442
38274
73693
91433
58440
31712
24381
65811
60260
82526
47042
24978
34539
74188
10601
70951
75058
66080
53266
25152
45000
50439
77264
67478
36216
16752
19890
17809
20693
68720
93174
46317
82644
24818
87002
51289
63310
4926
91623
69528
51627
7160
50021
58744
39667
76932
21673
14640
78720
58368
63984
64182
31842
63410
94027
31416
79278
57158
63584
24326
59139
22006
50494
92119
42736
35077
91156
71769
8597
24463
7833
22046
27411
6729
72096
11520
7361
91124
69639
41045
12596
93877
97928
47747
73037
18736
72803
48192
94680
47013
47199
87717
14918
3686
39444
38248
73258
15977
75660
21827
80005
45629
1870
4537
87002
78625
40978
94468
37656
74675
14937
11058
20073
70053
45937
5723
79126
68459
25605
1645
7314
9465
83867
24407
45799
61002
28604
16062
83893
18417
87937
42977
70413
47687
21759
29716
34520
20891
68538
64137
10806
50311
30399
37083
39515
31788
79708
24212
27027
84712
32561
60876
42708
21557
36316
23303
69266
38856
45488
27717
32024
41051
3711
99082
27218
8834
51494
95102
58870
13848
85299
